""	"baseMean"	"log2FoldChange"	"lfcSE"	"stat"	"pvalue"	"padj"
"YAL016C-A"	31.7905798927562	1.00917663403212	0.41848887603331	2.41147779983474	0.0158880190700635	0.0376326355535793
"YAL016C-B"	36.4965112530306	-1.03091786200639	0.340802677604301	-3.0249699598997	0.00248657823418747	0.00767469872669323
"YAL017W"	1142.58550379625	-1.40318304198888	0.23430649659758	-5.98866468648898	2.11570839871226e-09	2.25971880232209e-08
"YAL025C"	417.789436073827	1.48210989735898	0.242628900414724	6.10854640492381	1.00542627864815e-09	1.14094508385398e-08
"YAL034C"	812.399157652244	-1.19898442342628	0.106731099613816	-11.2336931575197	2.78585482454708e-29	2.32948781710482e-27
"YAL036C"	1755.7952901525	1.25880303148539	0.102208121822718	12.3160763453691	7.42183181220756e-35	1.15038393089217e-32
"YAL061W"	3023.06706017884	-1.05703288094121	0.146167197816538	-7.23166959982325	4.7709178498413e-13	8.858885150028e-12
"YAL064C-A"	33.8929981269543	-1.08813210462101	0.449526655957437	-2.4206175322427	0.0154941696283461	0.0368018538465035
"YAR002C-A"	4831.15529794969	1.06012780313953	0.183415974032398	5.77990989461074	7.47406440187536e-09	7.38688635675239e-08
"YAR008W"	224.510511692424	1.04670376388534	0.172045367492864	6.08388228720398	1.1730674324379e-09	1.31247245301811e-08
"YAR042W"	722.754839413081	-1.05210857078984	0.144723938966574	-7.26976185351642	3.60121805321888e-13	6.75095596702242e-12
"YAR064W"	24.7724556118067	1.11907228269432	0.439527719666831	2.54607896753951	0.0108940540934061	0.0273211182966045
"YAR075W"	15.4073562782116	3.0186344267137	0.778924396602497	3.87538821467186	0.000106454842351427	0.00047810637677973
"YBL018C"	145.601896162031	1.4965864585504	0.258454579660793	5.79052017772172	7.01687675618027e-09	7.00035349851266e-08
"YBL026W"	145.994137480973	1.0272710012658	0.3658012034071	2.80827671341078	0.00498074089354958	0.013918113381546
"YBL028C"	178.274028332498	1.87060440996271	0.278922139626554	6.70654689680512	1.99283822147769e-11	2.87829247670244e-10
"YBL039C"	3912.3555661783	2.78860981187545	0.160698914746214	17.3530096097998	1.87175956731047e-67	2.97375801256451e-64
"YBL044W"	26.2896079196514	1.13893772993635	0.487575358774218	2.33592143130383	0.0194953367770401	0.0446778697614658
"YBL054W"	657.61197573742	1.16090367005164	0.232640772381281	4.99011268819641	6.03440790705315e-07	4.27521318275616e-06
"YBL068W"	548.601498376398	1.05798501215265	0.144565252111559	7.31839080760719	2.50962103499085e-13	4.81832074844919e-12
"YBL071C"	322.177994737224	1.13450077894939	0.179225540682468	6.33001733251495	2.45133661416009e-10	3.01157550949101e-09
"YBL071W-A"	300.19627632312	1.61346927100102	0.225031507209268	7.1699705121762	7.50139224021303e-13	1.34285486440997e-11
"YBL081W"	1083.83369212974	1.16276285800317	0.115281010498061	10.0863347135799	6.34962937105162e-24	3.57096412858699e-22
"YBL086C"	281.881509573269	-1.45428964164637	0.243628194850756	-5.96929941765259	2.3827449063503e-09	2.53216452840404e-08
"YBL087C"	13105.2677630467	1.27708477256367	0.183860231745744	6.94595432866479	3.75910376885468e-12	5.97227611276787e-11
"YBL092W"	21832.5305110874	1.2366672192067	0.206217639808881	5.99690317643446	2.01115889679424e-09	2.15893830897422e-08
"YBR006W"	1192.13740559408	-1.01231943927589	0.0866099459027	-11.6882585334155	1.46356829939146e-31	1.55016275710545e-29
"YBR012C"	22.3915799297442	1.33845536426071	0.418314688552543	3.19963749992154	0.00137600534301127	0.00462207884874445
"YBR031W"	80201.0772716201	1.42607883745121	0.201248771944946	7.08614926525529	1.37895078732194e-12	2.34311022819009e-11
"YBR034C"	2362.42751018952	1.24281855809257	0.103383049474117	12.021492540745	2.73977374350125e-33	3.41397296861773e-31
"YBR040W"	63.3853878066519	1.2289390620028	0.331192521206973	3.71064859050604	0.000206728910419792	0.000854757466309549
"YBR045C"	86.3765945449202	-1.14217300008866	0.226856920644867	-5.03477256431897	4.78416507030426e-07	3.470704226231e-06
"YBR054W"	1885.16965912913	-1.55970327545313	0.136103189917655	-11.4597113880783	2.10214122289048e-30	1.9645746281572e-28
"YBR064W"	1.92599118696881	-4.00162533718684	1.66716849580482	-2.40025249232836	0.0163837663809177	0.0386197460499749
"YBR067C"	10000.8895381427	1.22951584752445	0.191446009085086	6.42225896167941	1.3426675233581e-10	1.69973149620333e-09
"YBR069C"	5811.7934216987	1.54531240573382	0.140993899866794	10.9601366243063	5.94096116370396e-28	4.29031911310667e-26
"YBR084W"	3042.82689926667	1.08231857886909	0.148259869382033	7.30014523404301	2.87457270374521e-13	5.48585871840865e-12
"YBR088C"	1473.88569152716	1.22948371064166	0.108590873050531	11.3221643412844	1.01923990255052e-29	8.75306700095749e-28
"YBR092C"	5516.34640909242	1.4818787288843	0.167624171770116	8.84048352475431	9.53052417391713e-19	3.44127733666156e-17
"YBR104W"	576.704199618651	1.20336756024387	0.153655831141058	7.8315775672657	4.8178595932166e-15	1.1424439445855e-13
"YBR126W-A"	247.828488051155	1.37803131117689	0.347762945223713	3.96255935286727	7.41505649081184e-05	0.00034452335398548
"YBR147W"	162.116428769617	-1.10826940105582	0.150280416166484	-7.37467615093678	1.64745022025927e-13	3.23298432184666e-12
"YBR169C"	2632.0872028665	-1.06782893977521	0.121078122484277	-8.81933843922855	1.15137944104619e-18	4.11068334148796e-17
"YBR181C"	18340.7579187325	1.41880539404495	0.225230593302708	6.2993458092884	2.98904470250144e-10	3.63200364902422e-09
"YBR187W"	5277.74148757794	1.00425850680389	0.175598871095153	5.71904876461139	1.07122051221076e-08	1.02413144608551e-07
"YBR189W"	30310.0442673621	1.67838081152132	0.238071420404806	7.04990464066404	1.79040447099337e-12	2.9707625099642e-11
"YBR191W"	14392.6847804514	1.31374947810434	0.185719270807283	7.07384576944406	1.5069777143941e-12	2.53355644840596e-11
"YBR191W-A"	1012.27214752363	1.51515552063555	0.528485805514639	2.86697486446224	0.00414415925098223	0.0118577811976551
"YBR230W-A"	105.153331570711	1.00160688892417	0.282324894887205	3.54771012780977	0.000388595641068112	0.00149940819610677
"YBR247C"	945.964121976422	1.50589540052246	0.148857937478265	10.1163258475373	4.6764187735899e-24	2.65345011662177e-22
"YBR255W"	154.035637878492	-1.10653196231688	0.248208725669609	-4.45807035724355	8.27007597378294e-06	4.75192882580385e-05
"YBR267W"	739.61842333634	1.98385975626937	0.172037818935124	11.5315328254509	9.14999076917522e-31	8.94587559047823e-29
"YBR284W"	206.822041095423	-1.09618843562744	0.180406868454484	-6.07620122791503	1.23062965407666e-09	1.37260466555466e-08
"YBR285W"	111.008357828452	-1.22982297345347	0.189044582064696	-6.50546532474861	7.74532491015350e-11	1.02331683584253e-09
"YBR300C"	21.1389931056254	1.41839705446686	0.454083584726581	3.12364750053876	0.00178624310131098	0.00577982429166562
"YBR301W"	34.0837735574736	1.10275399275605	0.336694453124934	3.27523659068676	0.0010557351715867	0.00365823174233015
"YCL026C-A"	54.4664067015595	1.20217286023232	0.314083721480307	3.82755545103186	0.000129422233403069	0.000568009871047311
"YCL036W"	539.834375416809	1.9174557691874	0.249877966516211	7.67356880608762	1.67275736607283e-14	3.72995546013783e-13
"YCL037C"	47.6128407497127	1.38120774739322	0.376524814057163	3.66830470616349	0.000244164091640062	0.000990212381858706
"YCL048W-A"	114.501827369807	-2.20827484038873	0.256318990431799	-8.61533839794169	6.97353180732893e-18	2.30816638726955e-16
"YCL054W"	557.4459787125	1.42072531346713	0.276824070132238	5.13223186404439	2.86326465663239e-07	2.15083296606369e-06
"YCR020W-B"	24.304164453059	1.33351144118379	0.405866287020097	3.28559302368901	0.00101767932350418	0.00354569742372209
"YCR024C-A"	924.223397909065	1.35120429466427	0.182431869283672	7.40662418233087	1.29554926625541e-13	2.59722889181486e-12
"YCR031C"	31699.1388166678	1.36483957652811	0.211551771358234	6.4515629803777	1.10702425972506e-10	1.41837483277273e-09
"YCR034W"	3828.99233253811	1.00199137404207	0.105386308613298	9.50779458192007	1.94747373473882e-21	8.65468222675887e-20
"YCR047C"	549.293087257463	1.11408799012713	0.222790733192889	5.00060291629172	5.71513108492794e-07	4.06715095685521e-06
"YCR057C"	1987.26123660067	2.21344792727297	0.128066704885868	17.2835549196458	6.25698877441965e-67	7.95263273228737e-64
"YCR072C"	1092.69349280721	2.12639955859138	0.147637901988565	14.4028025998099	4.96870850114658e-47	2.31022067030116e-44
"YCR091W"	323.047541479632	-1.75853633111418	0.210671764155212	-8.34728060576065	6.98526229518773e-17	2.05515471694065e-15
"YCR101C"	63.0742779530317	-1.42704456583518	0.313782510070829	-4.54787797290888	5.41895390586236e-06	3.2549576627368e-05
"YCR104W"	21.8896122259662	1.32512268580185	0.469902795513461	2.81999319530308	0.00480246678671484	0.0135042816060057
"YDL003W"	440.243516653219	1.20465021842403	0.177043564658905	6.80425871872229	1.01570862578354e-11	1.53321337692504e-10
"YDL014W"	9749.23069721224	1.47790758141394	0.121607188320367	12.153126816159	5.52128163920043e-34	7.30994683689974e-32
"YDL019C"	1264.22080202166	-1.07515440142486	0.185365577916062	-5.80018368842849	6.62423161019237e-09	6.65039366236532e-08
"YDL039C"	1005.06166197536	1.12406437311908	0.173191671376038	6.49029115654461	8.56706473320794e-11	1.12255044081518e-09
"YDL050C"	103.928810629855	1.03212737823735	0.289080321902134	3.57038269310759	0.00035646006407896	0.00138975687559619
"YDL061C"	9456.73898797072	1.59317291855777	0.245173992832481	6.49813179673723	8.13235467634594e-11	1.07000235958962e-09
"YDL063C"	512.742898929529	1.8004526764326	0.25185507638125	7.14876468762192	8.75622801244449e-13	1.54571747275235e-11
"YDL075W"	9179.47967721906	1.10497230814401	0.199471623161964	5.53949624827992	3.03342944233187e-08	2.6923804617345e-07
"YDL081C"	15632.0526772116	1.68477807614466	0.237625014426425	7.09007037921215	1.34043814079312e-12	2.28991515718825e-11
"YDL082W"	7781.36682676717	1.35931056048782	0.170074260388154	7.9924531636093	1.32279772563714e-15	3.41722745789594e-14
"YDL083C"	19120.7274235382	1.4753756791585	0.177782991448482	8.29874481882608	1.05217094464857e-16	3.01195781677553e-15
"YDL085W"	295.681003475629	-1.26490557141752	0.212876344909346	-5.94197336466007	2.81611185501719e-09	2.96789234471546e-08
"YDL110C"	1028.01681668231	-1.03088430758953	0.108322426568716	-9.51681327906351	1.78571018577327e-21	7.99168185252757e-20
"YDL121C"	485.145648083704	1.06310683679844	0.201362159143285	5.27957606991073	1.29483114906486e-07	1.02346417317254e-06
"YDL130W"	21323.1224677107	1.59650383713621	0.243253765930994	6.56312074358224	5.26931448572749e-11	7.13997730422137e-10
"YDL133C-A"	500.635174713772	1.87761525855334	0.673078287496535	2.78959415781631	0.00527741485348742	0.0146262413405637
"YDL136W"	5247.63363992408	1.04255607733729	0.203928262051544	5.11236680413513	3.18147302105478e-07	2.37582386002387e-06
"YDL148C"	394.645490958154	1.24554699729324	0.304471628207157	4.09084749415728	4.2979970075937e-05	0.000210429668592126
"YDL153C"	394.851465369791	1.0863099236623	0.330256633139832	3.28929025084063	0.00100440387472126	0.00350136402844411
"YDL166C"	422.82584450575	1.00964794467931	0.157600695474179	6.40636731736202	1.4902768181637e-10	1.88284476728237e-09
"YDL167C"	905.34139678793	2.02698872711545	0.17753728908611	11.4172562707788	3.42888643397923e-30	3.08199556373823e-28
"YDL169C"	82.7078607534286	-1.21558485752313	0.202859325703797	-5.99225524045199	2.06950772250096e-09	2.21409454149724e-08
"YDL184C"	1805.21651377575	1.3464253434096	0.50549166280122	2.66359554962446	0.00773104524684953	0.0204093086164456
"YDL185C-A"	18.3940386795652	1.86028167028941	0.633347185488116	2.93722260541145	0.0033116629468382	0.00980690495207679
"YDL204W"	12223.9463480016	-1.71017936052141	0.129310332320915	-13.2253883338354	6.26130130544575e-40	1.47372480726325e-37
"YDL208W"	1443.86149996795	1.04277635293337	0.122074395409097	8.54213817270035	1.31760744619515e-17	4.22898753564151e-16
"YDL223C"	7590.22070848437	-1.16515536914365	0.137429760146952	-8.47818818789879	2.28727794818271e-17	7.09056163936639e-16
"YDL227C"	517.278041630855	1.23831019411271	0.161930464895605	7.6471724756119	2.05446683032502e-14	4.51769436218529e-13
"YDL228C"	1760.89660648576	1.76508577733994	0.236420426609772	7.46587679690359	8.27467432091833e-14	1.70179790645424e-12
"YDL229W"	62124.471075867	1.96675159530283	0.19754687545811	9.95587295795965	2.37727239350911e-23	1.2912449624573e-21
"YDL232W"	85.3344797559696	2.17787838615101	0.392656684189365	5.54652059635051	2.91410314603733e-08	2.59735280407675e-07
"YDR012W"	35236.761180721	1.07749912652615	0.173006316984819	6.22809123565529	4.72152103132869e-10	5.60846096338203e-09
"YDR018C"	177.644465496325	-1.02468682519452	0.165339955121332	-6.19745435664704	5.73836716653865e-10	6.7035520851752e-09
"YDR021W"	112.862057593219	1.10782367377161	0.325955848784643	3.39869242384277	0.000677088144967245	0.00247292825360163
"YDR025W"	15524.6726224683	1.20740420339425	0.168566870830579	7.16276097103192	7.90681494942348e-13	1.40750165276152e-11
"YDR064W"	30283.8193963718	1.43802033547858	0.204168164487282	7.04331323685949	1.87721565125748e-12	3.09862479577696e-11
"YDR070C"	1209.20590203731	-1.33693226040144	0.179269746346643	-7.45765689775835	8.80746550645736e-14	1.79972486474394e-12
"YDR074W"	27655.2896395203	-1.01846841237244	0.137757332880893	-7.39320652536896	1.43329589679004e-13	2.84643607003148e-12
"YDR088C"	63.7892506899189	-1.0462727919378	0.331414882433483	-3.15698795496244	0.0015940793087682	0.00524642841396727
"YDR101C"	2297.17089270172	1.71516050772424	0.127815841567794	13.4189978854422	4.67998795929689e-41	1.29310102092747e-38
"YDR120C"	963.73857253208	1.20631466210285	0.189695444093099	6.35921789197432	2.02783585886758e-10	2.51697204748115e-09
"YDR165W"	532.547652334884	1.1538296190257	0.15188793135718	7.5965852501628	3.04047028614727e-14	6.572173016485e-13
"YDR184C"	247.477527728844	1.36230675369011	0.190584986314706	7.14802765964255	8.80335767773e-13	1.54973235573336e-11
"YDR234W"	2081.99648601514	1.14478212999811	0.174087773487156	6.5758904664409	4.83628487396533e-11	6.62383413233829e-10
"YDR247W"	539.247351213809	-1.23647219627112	0.125823384609171	-9.82704606231836	8.61074165710412e-23	4.30876088432257e-21
"YDR299W"	356.861316253715	2.52380242653185	0.312300161417749	8.08133564540775	6.40612226982259e-16	1.69628779269677e-14
"YDR300C"	736.999963699844	1.02341235252811	0.116626780560298	8.77510592002486	1.70743082005639e-18	6.02817936747687e-17
"YDR314C"	49.523905828608	-1.17619047226458	0.308283540806415	-3.8152879300266	0.00013602423289417	0.000592483893106545
"YDR321W"	4113.85238226948	1.27050003437604	0.179519094685626	7.07724176417526	1.47051864449923e-12	2.4920389295447e-11
"YDR324C"	793.502792106661	1.35124233983104	0.196716169654891	6.86899476642713	6.46558780856693e-12	9.9248334597688e-11
"YDR363W"	130.651219287232	-1.13675546553414	0.276516971415494	-4.11097901049284	3.93985018968685e-05	0.000194241644340263
"YDR379W"	307.252669796701	-1.03389429283407	0.249763524381748	-4.13949272774445	3.48074633933478e-05	0.000173900495176671
"YDR382W"	18359.8366012059	1.1857262185772	0.203786622882115	5.81846934704402	5.93889476939627e-09	6.00982106043206e-08
"YDR398W"	1742.73893814399	1.7422727606132	0.123916037259356	14.0601071430862	6.67850263812328e-45	2.49658142736902e-42
"YDR399W"	2323.60013295127	1.24117637091953	0.196084537367824	6.32980237799821	2.45475391646946e-10	3.01157550949101e-09
"YDR417C"	17.006490137595	2.1870207258871	0.610646492549484	3.58148413619173	0.000341647886253996	0.00133940303340169
"YDR418W"	16179.0709721619	1.00082692003899	0.16443311006372	6.08652916466254	1.15384647405489e-09	1.29324415213736e-08
"YDR447C"	5455.02167449044	1.11231949444832	0.172403551422559	6.45183631816286	1.1050289514122e-10	1.41837483277273e-09
"YDR449C"	236.229055085693	1.63070121094805	0.275464374168657	5.91982616942557	3.22282074410417e-09	3.37413934576309e-08
"YDR453C"	794.897974400825	-1.21035741782429	0.160414314114409	-7.54519585428674	4.51608287382124e-14	9.56656888771132e-13
"YDR461W"	612.981636348691	1.28577345516211	0.283658126888103	4.53282784197937	5.8199247613254e-06	3.47350015953291e-05
"YDR465C"	943.537933367925	1.22693374762875	0.160349382152747	7.65162753455442	1.98451355080369e-14	4.37902208866578e-13
"YDR471W"	5251.48454934448	1.17064867141604	0.15331038791982	7.63580790121202	2.24408712772127e-14	4.90074697480022e-13
"YDR491C"	62.4253792813907	1.14204996709762	0.296728004018884	3.84881086931364	0.000118692601437959	0.000526372283418162
"YDR496C"	548.594683800392	1.88530732625832	0.268854759994716	7.01236357613816	2.34325309229874e-12	3.82811655567056e-11
"YDR500C"	12648.8362864907	1.09045088867578	0.162087754578458	6.72753405407904	1.72562457093802e-11	2.51521654777778e-10
"YDR505C"	570.663233360285	-1.11474177360124	0.289834081802337	-3.84613764768176	0.000119994369385375	0.000530295005176675
"YDR524C-B"	21676.6947648418	1.31943483265448	0.16649443705967	7.92479830531276	2.28516939223658e-15	5.67275448736855e-14
"YDR528W"	377.676110540421	1.3507212666899	0.148506894407463	9.09534383625241	9.42876537245891e-20	3.60962674349255e-18
"YEL017C-A"	350.516666152697	1.77596373472787	0.618879857011293	2.86964216819786	0.00410936551668422	0.011779439719679
"YEL026W"	4175.02658875487	2.03881587268039	0.220177973727548	9.25985391800934	2.04712094404369e-20	8.23383139202381e-19
"YEL039C"	612.581667627256	-1.61705962981729	0.1463573334105	-11.048709293451	2.22389176539654e-28	1.68248002013036e-26
"YEL046C"	10479.8410681999	1.34859896084473	0.149509576433118	9.0201510365994	1.87830158096805e-19	7.06308079707216e-18
"YEL048C"	105.103155194343	1.30101897133014	0.242166767091001	5.37240921600628	7.76915470727607e-08	6.37070685996638e-07
"YEL053W-A"	13.796283153114	3.39353380679202	0.696272810545112	4.87385656225068	1.09440464593422e-06	7.4067534876592e-06
"YEL054C"	15291.4305871138	1.47241191533705	0.19295277928105	7.63094432131695	2.33040319283361e-14	5.07181927755398e-13
"YEL073C"	106.527251844473	-1.20649144205177	0.207346416325417	-5.8187233878123	5.92987713345169e-09	6.00982106043206e-08
"YER011W"	1606.66638921665	1.30504314978045	0.166252625991874	7.84975961729616	4.16835443808488e-15	9.95860618572535e-14
"YER033C"	283.662264113359	-1.09168726689822	0.196774462006921	-5.54791132835024	2.89102422824486e-08	2.58040154080001e-07
"YER046W-A"	13.1735685128507	-1.33716111103029	0.538990889931268	-2.48086031880948	0.0131065722268375	0.0319494693139825
"YER053C"	1788.65611932866	-1.27145269921357	0.103514718799997	-12.2828203945584	1.12023658227289e-34	1.69502463817719e-32
"YER054C"	237.474682363141	-1.79497387003998	0.173699971325904	-10.3337603129028	4.95780892564838e-25	3.00065483071385e-23
"YER056C"	10411.183888204	1.68995715469365	0.14154668524381	11.9392209841068	7.39121883780186e-33	8.69836957670941e-31
"YER056C-A"	5701.94699512215	1.25860206073037	0.173585774916942	7.25060599771264	4.14911021164463e-13	7.75517511617695e-12
"YER067W"	1584.52086222021	-1.22998668250905	0.128409320153012	-9.57864025012673	9.83309295476128e-22	4.5612631917889e-20
"YER068C-A"	8.93659879586348	-1.64038007702839	0.566173409477258	-2.89731034621166	0.00376377226989856	0.0109317974292529
"YER070W"	5699.17536692687	1.95761977745442	0.0973553064080553	20.1079925653898	6.28150138247705e-90	3.99189412856417e-86
"YER074W"	13979.0608032755	1.38867852936324	0.209131669402392	6.64021156303816	3.13233227814596e-11	4.39425422243213e-10
"YER096W"	232.467560944929	-1.51845396594495	0.135534576672208	-11.2034434550037	3.92186880755102e-29	3.19531747076753e-27
"YER102W"	14202.4731654678	1.42878943018087	0.143528970135558	9.95471108607151	2.4052047035269e-23	1.29534541448419e-21
"YER110C"	5799.99704450786	1.46073953695952	0.157687628282454	9.26350121991186	1.97836181650232e-20	8.00795499609696e-19
"YER116C"	203.09237779092	-1.22846170664081	0.224241301514998	-5.47830260679542	4.2942528237712e-08	3.6778944332973e-07
"YER117W"	16462.6310614572	1.23238997497862	0.171956847166378	7.16685607631671	7.67396322757459e-13	1.36988866042799e-11
"YER121W"	35.1601870821441	-1.1826315598848	0.380069174440046	-3.11162188206179	0.00186062649248049	0.0059869779036524
"YER126C"	859.397660653459	1.43285908487105	0.148898073306459	9.62308680732199	6.38846585381403e-22	3.02975376873046e-20
"YER131W"	5842.64995455091	1.45057021878415	0.139362579886744	10.4086062410942	2.26513566162918e-25	1.43949371296534e-23
"YER133W"	1174.29134585363	-1.04937589662799	0.25033318806416	-4.19191679993718	2.76607443790057e-05	0.000141078676186663
"YER137C"	34.087905519824	1.14085646951057	0.422534728182433	2.70003006479031	0.00693332102507297	0.0185677434110151
"YER145C"	7535.25390609126	1.31437200419588	0.167527290435066	7.84571875294153	4.30480736838089e-15	1.02460864517081e-13
"YER145C-A"	34.7287118766322	1.03282728845351	0.404772298745498	2.55162542410764	0.0107221723879019	0.0269645451227211
"YFL034C-A"	881.053535583338	1.60992004585077	0.182317032635492	8.83033264955282	1.04364868873592e-18	3.74711153498123e-17
"YFL045C"	12003.584448137	1.07437979043075	0.148990924828287	7.21104182465462	5.55253950753136e-13	1.0168988060623e-11
"YFL051C"	20.1800812773434	-1.0029359346609	0.399981806358559	-2.50745388594457	0.0121604447783703	0.0299185546134506
"YFR016C"	304.848129276908	-1.41610080926923	0.427676178608595	-3.31115194181818	0.000929127443799857	0.00325861197866892
"YFR031C-A"	22251.6361267847	1.60740244352856	0.214138861001165	7.50635562369883	6.07961194083202e-14	1.26261221843096e-12
"YFR032C"	32.4279934226266	1.65795286551888	0.380280955662201	4.35981040026527	1.30175183261941e-05	7.13158008301412e-05
"YFR032C-A"	4830.76036642457	1.40499030619871	0.228351459193423	6.15275379085105	7.61489753700819e-10	8.78269942789239e-09
"YFR052C-A"	3210.8650979517	-1.04282493410166	0.209037443614226	-4.98869923048894	6.07872007678357e-07	4.30181136836967e-06
"YGL030W"	26812.8893328692	1.48606352491561	0.225728340780878	6.58341579871968	4.59761012216032e-11	6.3105426190775e-10
"YGL031C"	11371.7738259731	1.00242962022359	0.171201563514359	5.85525972804284	4.76265114706299e-09	4.89751586401057e-08
"YGL033W"	3.71277400996809	2.80401925193495	1.0811298530407	2.59360080017085	0.00949766933898441	0.0242790380729067
"YGL049C"	489.154575077916	-1.07403754509243	0.197846426321997	-5.42864263489107	5.67842549076598e-08	4.74197030142152e-07
"YGL072C"	131.504040080694	1.81984050218963	0.304952393632363	5.96762163599723	2.40736814093892e-09	2.55406085737342e-08
"YGL076C"	24269.8107909022	1.18982412032781	0.163484731266368	7.27789140374955	3.39078101922676e-13	6.39418794575254e-12
"YGL102C"	846.613994358061	1.30407510727915	0.150767109425943	8.64959945338552	5.1680500656378e-18	1.72857674563833e-16
"YGL103W"	23034.5397608434	1.45483384578822	0.209079923264541	6.95826659524586	3.44484875025204e-12	5.52828631511407e-11
"YGL123W"	62115.7320730193	1.20382245313894	0.185736552691278	6.48134379418506	9.09092567206251e-11	1.18386952143355e-09
"YGL135W"	32126.8953331115	1.80866306163732	0.208082253955034	8.69205819938957	3.55931656164242e-18	1.20316259304455e-16
"YGL147C"	14951.6351757221	1.41522171664387	0.227916316619551	6.20939184010342	5.31900438407046e-10	6.25968015940144e-09
"YGL148W"	5540.06302274091	1.09164936573278	0.177691141184099	6.14352160979012	8.07116856545583e-10	9.27527599158622e-09
"YGL152C"	7.27247429277022	-2.05407881011791	0.764458854235061	-2.68697104983273	0.00721032017631681	0.0192285290476262
"YGL156W"	883.571594304414	-1.22380018726069	0.140017620732166	-8.74032983035507	2.32430835543716e-18	8.07157355125854e-17
"YGL171W"	432.014071230464	1.49115336598063	0.24815205335885	6.00903093807686	1.86635511207703e-09	2.01369893671469e-08
"YGL180W"	280.216941781299	-1.14169760678292	0.252126180387449	-4.52827867787647	5.94661222330583e-06	3.53514692975758e-05
"YGL189C"	15842.6038834714	1.09830169387254	0.220613695618091	4.97839307208664	6.41143474953748e-07	4.52216069182139e-06
"YGL197W"	1016.74458636998	-1.17946248059336	0.206358154370397	-5.71560878799249	1.09311961180641e-08	1.04077050054377e-07
"YGL226C-A"	280.012463352112	1.2566363285383	0.241795636144787	5.1971009426565	2.02420459532322e-07	1.55360147382598e-06
"YGL227W"	497.179598365962	-1.19339066701822	0.215672703626953	-5.53334124786798	3.14187353290818e-08	2.77699670398212e-07
"YGL258W-A"	31.4703730041132	-1.47139357058139	0.346969455012296	-4.24070058423225	2.22823209411674e-05	0.000115949161355531
"YGL259W"	61.6306859723345	-1.33256740255166	0.245171796671364	-5.43523937354784	5.47229180357913e-08	4.58791746856799e-07
"YGR008C"	2890.06926748924	-1.07429704767985	0.107087301332974	-10.0319742332422	1.10289001765076e-23	6.14812812471103e-22
"YGR014W"	5473.402283521	1.33933643939187	0.12023256503701	11.1395480831637	8.05269227836843e-29	6.39685742862892e-27
"YGR027C"	19186.2747583241	1.16884142682967	0.227329945503696	5.1416078257524	2.72397248364919e-07	2.05348103601312e-06
"YGR030C"	68.2094056322395	1.16233575839292	0.27438120495868	4.23620764610301	2.27326568149271e-05	0.000117835264322073
"YGR034W"	14831.2430396554	1.61232649393088	0.208359858373742	7.7381819440422	1.00848462250987e-14	2.32207238262689e-13
"YGR050C"	124.889439795216	1.04563828228064	0.266272106771827	3.92695387796165	8.60284699565885e-05	0.000393600379103038
"YGR064W"	470.289968718599	1.53830428630285	0.193470781480376	7.9510935684047	1.84872243696956e-15	4.66215519323078e-14
"YGR070W"	341.836994989789	-1.33628108671572	0.219001762008635	-6.10169102960475	1.04952105377753e-09	1.18467252162633e-08
"YGR079W"	952.236809021343	1.94061955312545	0.150985465922534	12.8530222513015	8.27143841905276e-38	1.54602915156118e-35
"YGR085C"	7109.43826941924	1.23859568415168	0.133497166516823	9.27806721647232	1.72580628517578e-20	7.03044803993084e-19
"YGR103W"	1990.61205118326	1.93427124483808	0.19897464464833	9.72119461882558	2.4489130559637e-22	1.19714172851149e-20
"YGR126W"	64.626256037777	-1.05121052386957	0.219434331724051	-4.79054720202817	1.66327088546777e-06	1.09195108234997e-05
"YGR128C"	594.645286323942	1.369872096009	0.217388357443293	6.30149706322863	2.94784369121808e-10	3.59569033736869e-09
"YGR130C"	986.949376254217	-1.07778200258764	0.195336701006652	-5.51756017703473	3.43738397877064e-08	2.99651237106824e-07
"YGR138C"	281.147887122921	-1.1580706106345	0.176807296275925	-6.54990283221809	5.75745325436678e-11	7.71911717964154e-10
"YGR145W"	534.241810928152	1.54875656166146	0.303821718599114	5.09758344071842	3.44016793979367e-07	2.55400318427439e-06
"YGR159C"	8459.23364824783	2.84689106503062	0.197685060897135	14.4011441841425	5.08939250735111e-47	2.31022067030116e-44
"YGR160W"	6.50468378238769	3.7652901544073	1.18077711958107	3.1888237771267	0.00142852933403919	0.00477805469358899
"YGR164W"	39.3843320209479	1.89546384668526	0.425323139981825	4.45652650539131	8.32983061843487e-06	4.77545699980775e-05
"YGR176W"	44.7881010064595	1.72788255078705	0.470294551162284	3.6740433128914	0.000238742235632225	0.000970701796188605
"YGR177C"	618.186485837006	1.00520420694655	0.153205152636478	6.56116448858401	5.33891872333536e-11	7.21889967804174e-10
"YGR189C"	6531.09824464332	1.29315438391773	0.102103686807463	12.6651095993843	9.22913797876929e-37	1.54345189092313e-34
"YGR214W"	19174.7930867521	1.58316026505717	0.208432026597729	7.59557104011011	3.06438062186257e-14	6.60140300065647e-13
"YGR225W"	54.0601222165549	-1.40367902093202	0.230315466021816	-6.09459297361759	1.09716251688898e-09	1.23406509642999e-08
"YGR236C"	14.7303397365273	-1.27263513861653	0.429800516816131	-2.96099024739182	0.00306651649221192	0.00917500579473011
"YGR237C"	484.41676855542	-1.03234066814024	0.140790716195873	-7.33244844570584	2.25985416427159e-13	4.3784674432762e-12
"YGR245C"	1071.25054113672	1.77414207485434	0.258436948019745	6.8648933074337	6.65409660534056e-12	1.01895864884191e-10
"YGR248W"	3658.6334738896	-1.06115486823807	0.11416044632832	-9.29529361847656	1.46800453695502e-20	6.01881860151559e-19
"YGR249W"	178.20392461069	-1.73401639617017	0.205011665832606	-8.45813524380612	2.71686921958736e-17	8.38140965557169e-16
"YGR256W"	1830.62479699574	-1.75458140048956	0.134993484545056	-12.9975265576906	1.26364516049572e-38	2.50952031092196e-36
"YGR258C"	282.755295504296	-1.00950573894786	0.257123644797594	-3.9261489924139	8.63167006907154e-05	0.000394351281732205
"YGR270W"	733.854208532522	-1.07583990748285	0.214972428299554	-5.00454833204803	5.59931623664791e-07	4.00716832025872e-06
"YGR286C"	1132.85949665869	1.01652104778593	0.142420202000727	7.1374779245204	9.50588818628644e-13	1.66418510809505e-11
"YGR290W"	13.7196402483247	-1.72060719112343	0.674160041939667	-2.55222363249677	0.0107037790505146	0.0269502836236214
"YHL011C"	2477.87467585062	1.08317692756089	0.128241603181572	8.44637700003847	3.00482265801205e-17	9.22495072061186e-16
"YHL033C"	10306.7119229207	1.52236423813955	0.177330851012648	8.58488091297191	9.09305723566209e-18	2.9634040375709e-16
"YHL040C"	4345.23040756869	1.03179157486213	0.126945441930934	8.12783475458289	4.3702641760863e-16	1.19197548665358e-14
"YHR010W"	9044.49939688564	1.03409961030889	0.166987834239878	6.19266436394048	5.91556095099811e-10	6.89786969607211e-09
"YHR020W"	7079.1556718034	1.3053294910624	0.138004573552358	9.45859588173115	3.1210592536797e-21	1.35851586007771e-19
"YHR021C"	19519.6905889652	1.47092779800092	0.197368741562665	7.45268874065295	9.14568807512702e-14	1.8568960932087e-12
"YHR049C-A"	209.899862257357	1.10499466318169	0.151075551174853	7.31418587977078	2.58946490657644e-13	4.9566414100281e-12
"YHR049W"	3684.79704081445	1.15161981810627	0.142514644500701	8.08071214113439	6.43896393322386e-16	1.69790936911359e-14
"YHR052W"	748.600427553928	1.56645238872521	0.151101471018122	10.3668903960394	3.50753329018203e-25	2.14330519799104e-23
"YHR062C"	582.87085813617	1.55871115277703	0.18322097609892	8.50727458157133	1.78069481887614e-17	5.60213642275143e-16
"YHR063W-A"	267.452453822478	1.43054230441606	0.248955122611494	5.74618545467122	9.12791907298428e-09	8.8702934890116e-08
"YHR066W"	407.492233257572	1.90953472615314	0.26545881413141	7.19333706210207	6.32265959787649e-13	1.15130377491419e-11
"YHR070C-A"	117.585738623701	1.10534095014709	0.296706532379786	3.72536776080228	0.000195030674750937	0.000811138702907204
"YHR071C-A"	25.6941219231168	1.59222622020327	0.403670649897448	3.94436955128586	8.00101928047802e-05	0.000368452735706071
"YHR073W-A"	10.1757119260225	-3.01069395831266	0.927893695950845	-3.24465396354212	0.00117593427497352	0.00403949314457118
"YHR080C"	895.408185640429	-1.17315983936217	0.181486534811093	-6.46417014123554	1.01856219261161e-10	1.31832234909303e-09
"YHR089C"	2736.98520207406	1.12863272971476	0.138120486603824	8.17136369459843	3.04922882006249e-16	8.38867928636238e-15
"YHR096C"	7972.43830741315	-1.42310318762605	0.104387262004719	-13.6329199587754	2.55162861437276e-42	7.72171421158994e-40
"YHR097C"	826.44922745387	-1.29015379244986	0.139993235008043	-9.21582955330478	3.08880568985529e-20	1.2268350099394e-18
"YHR128W"	2779.05831424723	1.25646199406218	0.110052896623329	11.4168916276924	3.44329952833067e-30	3.08199556373823e-28
"YHR139C"	605.278476195104	-1.98075674742202	0.147856840686835	-13.3964498241737	6.34252673858466e-41	1.61227029694822e-38
"YHR141C"	14767.4096850846	1.17354111807094	0.193757079927291	6.05676509220371	1.38886175927285e-09	1.52967356675546e-08
"YHR148W"	238.776976260666	1.46077685979215	0.228294191896767	6.3986597628936	1.56746680143742e-10	1.96862678322822e-09
"YHR149C"	628.49358384403	1.1113519323003	0.151672553082447	7.32731077386288	2.34816875434143e-13	4.53574846013367e-12
"YHR169W"	717.744405938646	1.30326672459982	0.148987186892935	8.7475087742704	2.18114415139933e-18	7.61602806711141e-17
"YHR170W"	2432.40243669014	1.31635166299028	0.0997681011715975	13.1941136248169	9.48641065124736e-40	2.07883240305783e-37
"YHR174W"	295400.244224747	1.08873251743621	0.192720454708736	5.64928366883339	1.61117799093425e-08	1.49039827254544e-07
"YHR196W"	442.607543662518	1.13972456956932	0.210673253294945	5.40991583764878	6.30543748031964e-08	5.23702547449168e-07
"YHR197W"	678.075529217866	1.74630798263003	0.169684599373434	10.2914936834476	7.69729317346829e-25	4.61474510541425e-23
"YHR203C"	20658.6123216715	1.29833964452034	0.188533476209381	6.88652047702359	5.7173534055091e-12	8.81887885728406e-11
"YHR214W"	244.054837615615	1.4021298130198	0.182874624018035	7.66716443327603	1.75840295780012e-14	3.90722055832858e-13
"YHR214W-A"	382.369067079155	1.85955630611336	0.188471820296531	9.86649517783419	5.81613779119535e-23	2.95692445304372e-21
"YHR216W"	6917.18421016963	1.06264983001505	0.13442242980138	7.90530145590432	2.67285969438243e-15	6.58372998364356e-14
"YHR218W"	71.7446716349967	-6.55681262557349	2.138810910426	-3.06563455124116	0.00217208621735705	0.00685042576243376
"YIL002W-A"	330.514292738336	1.30621442856572	0.307717262920235	4.24485261622879	2.18737144250314e-05	0.000114221409343529
"YIL011W"	260.538400526383	1.00552788749213	0.198238285133182	5.07231933940809	3.92996169596357e-07	2.89061418725098e-06
"YIL012W"	14.6265971829806	1.27354920697239	0.526960961732477	2.41678093721663	0.0156584376164845	0.0371373689367249
"YIL018W"	63890.687925294	1.41889111389089	0.20403035416763	6.95431383079962	3.54282146751752e-12	5.67119154309165e-11
"YIL019W"	204.841210343492	1.27184156739917	0.375101255223438	3.39066198709884	0.000697240364935061	0.00253632657078552
"YIL052C"	8258.69397084881	1.24438259306672	0.204964692753979	6.07120463698769	1.26954287365521e-09	1.41047988847533e-08
"YIL064W"	789.465335861166	1.00197776011188	0.187631678848501	5.34013108160112	9.28794005872205e-08	7.52868100423197e-07
"YIL069C"	8395.13107808593	1.49866233012618	0.16000982606125	9.36606436627525	7.5287589545635e-21	3.18968421041674e-19
"YIL079C"	381.500048867365	1.02857316353766	0.143198316960739	7.18285790900505	6.82690437235554e-13	1.23603923892648e-11
"YIL091C"	449.04015095681	1.53707243253693	0.214339816861777	7.17119411148961	7.43463989518014e-13	1.33747899569687e-11
"YIL097W"	161.50317179956	-1.20457448950659	0.192431255787737	-6.25976525786073	3.85557396343209e-10	4.63179064983193e-09
"YIL100C-A"	5.94300303240152	5.3048372710761	1.66861549028389	3.17918496020528	0.00147689817211605	0.0049139727140301
"YIL101C"	1090.61395760002	-1.47311393953156	0.139116404078989	-10.5890743028057	3.34887107606493e-26	2.19402842148378e-24
"YIL107C"	490.87780135092	-1.08234455204907	0.158391189346021	-6.8333633740484	8.29464937009146e-12	1.26408865100555e-10
"YIL133C"	12293.8924645083	1.17004798977727	0.103139340765379	11.3443423343077	7.91188364415306e-30	6.88767404912229e-28
"YIL136W"	2144.73830971531	-1.59072108690915	0.17657097890392	-9.00896113723611	2.08017582128746e-19	7.73071189724083e-18
"YIL144W"	130.048722269962	-1.02907577553875	0.318560652236075	-3.23039197815346	0.00123620608034421	0.00421464036512202
"YIL148W"	18893.2335170411	1.54689223171739	0.256565447658679	6.02923053682308	1.64742147279949e-09	1.78963477942577e-08
"YIL155C"	1638.33091535732	-1.02189510686513	0.0984623097595986	-10.3785408788414	3.10484148619967e-25	1.93443800439205e-23
"YIL158W"	382.485673029444	1.01654433171127	0.185344855127386	5.48461046308841	4.14381489571359e-08	3.56504322452862e-07
"YIR020W-A"	34.3428829524153	-1.09633782727559	0.371242065136479	-2.95316164366382	0.00314537212906486	0.00937239261924003
"YIR026C"	1022.37816854619	1.04008340116275	0.140608115291045	7.39703678560713	1.39256983309271e-13	2.77422610949974e-12
"YIR039C"	505.818501915715	-1.26104598569503	0.135624904652755	-9.29804145428694	1.43056462251863e-20	5.90340141305578e-19
"YJL011C"	142.66506143747	1.00503736492833	0.191879822352268	5.23784811038236	1.62459675900108e-07	1.26214088061759e-06
"YJL020C"	2192.24037893409	-1.23540293013669	0.209117193101262	-5.90770616138898	3.46904061513687e-09	3.62594623506494e-08
"YJL033W"	610.358738712016	1.62577794188872	0.358578046204137	4.53395839231933	5.7888437143956e-06	3.46078097883199e-05
"YJL050W"	1093.97625762854	1.34607139157305	0.172740169559555	7.79246306753783	6.57153827158585e-15	1.53537226896794e-13
"YJL103C"	189.676981881512	-1.20006582282539	0.270887029872408	-4.43013393218066	9.41745818508958e-06	5.32929178684277e-05
"YJL116C"	493.313154206502	1.16525908605911	0.137143316784754	8.49665235884575	1.95136743492441e-17	6.07889218085521e-16
"YJL118W"	195.332025260131	1.60843533572211	0.257890562297061	6.23689103391603	4.46352670292479e-10	5.32013911440153e-09
"YJL120W"	13.3228200184838	2.76717641910377	0.671012079359772	4.12388465755191	3.72535499412825e-05	0.000184813668912451
"YJL122W"	558.324392316974	1.63646638038301	0.220413494220744	7.42452900249421	1.13181942031291e-13	2.28340076701223e-12
"YJL127C-B"	138.924221564783	1.25502286792043	0.319749816492524	3.92501513116512	8.67242865293987e-05	0.000395077305300594
"YJL136C"	6029.79411492683	1.06705546959726	0.186820733164364	5.71165443751079	1.11883098078941e-08	1.06121953476369e-07
"YJL141C"	1466.40314959936	-1.37549573934987	0.10749821725131	-12.7955214004548	1.73682840484433e-37	3.15358414651021e-35
"YJL144W"	137.916795497548	-1.00636788734607	0.182130126289442	-5.5255432357563	3.28467672663034e-08	2.87522322282863e-07
"YJL148W"	400.839129021717	1.76506166575641	0.26492975361787	6.66237612670074	2.69435393536876e-11	3.80502650205966e-10
"YJL158C"	11394.5226237223	1.25572832749249	0.154731805368091	8.1155152588393	4.83727921916149e-16	1.30258090838014e-14
"YJL161W"	371.559740445409	-1.01879583703156	0.149287909928454	-6.82436935127444	8.83124022067608e-12	1.33943989504526e-10
"YJL165C"	697.831886957883	-1.1074242919546	0.164498072368095	-6.73214145316266	1.67183985922015e-11	2.44805122242951e-10
"YJL177W"	9059.21102250721	1.24728054885928	0.175072271788685	7.12437518583623	1.04553885624651e-12	1.80065025242454e-11
"YJL188C"	2119.29575129479	1.9022731500598	0.389066129359997	4.88933116123213	1.01179160324214e-06	6.9139092888213e-06
"YJL189W"	2874.3607451113	2.75932427666178	0.514433470927118	5.3638117125017	8.1483843556681e-08	6.65591035736129e-07
"YJL190C"	18380.3892465246	1.85253753415437	0.212106648668441	8.73399087574198	2.45840956409849e-18	8.4908656412206e-17
"YJL191W"	3524.55036921142	1.5227435838709	0.181865309817669	8.372919417109	5.62080434213763e-17	1.68491564123984e-15
"YJL196C"	7198.69012203006	1.21232998206902	0.157567574505462	7.69403213747507	1.42569219919654e-14	3.21286309428865e-13
"YJL208C"	642.54350826399	1.07939030290856	0.13050504214244	8.27087049809511	1.32984437231242e-16	3.77283972591314e-15
"YJL211C"	54.2753222017612	1.17155842814321	0.257214322444534	4.55479468253891	5.24367692174485e-06	3.15863192774299e-05
"YJR008W"	584.998710975446	-1.27809337613875	0.118938375520231	-10.745845237489	6.19914856755076e-27	4.28212925508534e-25
"YJR016C"	8262.57578510765	1.24319031469521	0.150216135079782	8.27601052333647	1.27370746768632e-16	3.629780698272e-15
"YJR018W"	8.3836366997267	2.15272892170327	0.740593696129158	2.90676106609452	0.00365192023921974	0.0106556258586967
"YJR036C"	143.265072239007	-1.07134635152622	0.256138724149505	-4.18268012805784	2.88092597429311e-05	0.000146349197175321
"YJR047C"	413.485567862413	1.04152176977667	0.219280204131618	4.74973002648027	2.03688389467041e-06	1.32085685210515e-05
"YJR059W"	2217.98021599595	-1.32421017887741	0.155225844725548	-8.53086147618473	1.45261891434537e-17	4.61569660033241e-16
"YJR063W"	966.402579494433	1.50683444082356	0.151149060147653	9.96919490833471	2.07907247780305e-23	1.13900910314124e-21
"YJR070C"	3730.2177741971	1.85020130339994	0.185923045188414	9.95143609833281	2.48569903532619e-23	1.32744683777294e-21
"YJR094W-A"	4673.3287387697	1.37070376753576	0.17447815766903	7.85601926251345	3.96534117350556e-15	9.58165139073301e-14
"YJR096W"	1403.03912954569	-1.14021667955893	0.14573092748226	-7.82412284926775	5.11208680147922e-15	1.20770675179927e-13
"YJR097W"	75.4732142752545	1.86746916071103	0.38367666898995	4.8672992434678	1.13133660065832e-06	7.64042943377645e-06
"YJR112W"	212.445633806685	1.05962507188468	0.193502928811164	5.47601567787508	4.35009164845095e-08	3.72070422959701e-07
"YJR123W"	61497.1132205776	1.17517636136937	0.176123850273535	6.67244305381824	2.51579685288583e-11	3.56872522323425e-10
"YJR134C"	158.967435879102	-1.16291998902913	0.38618722815753	-3.01128547046294	0.00260144154030146	0.00795963456360895
"YJR145C"	31093.8602199597	1.50862211291034	0.208957539365413	7.21975439360506	5.20815523467385e-13	9.56584581397466e-12
"YJR150C"	109.997095132384	2.52860599110928	0.311334516132063	8.12182992918359	4.59206524558545e-16	1.24181168662534e-14
"YKL004W"	2698.948884587	1.24496903576983	0.156253686887363	7.9676138244807	1.61767440863715e-15	4.1294388188589e-14
"YKL006W"	19129.2095747937	1.16193078419091	0.16869666998054	6.88769247386416	5.67046250610604e-12	8.76783192854109e-11
"YKL009W"	1346.09915041419	1.74759162315309	0.150581972149056	11.6055833126107	3.86046153707636e-31	3.83331766689379e-29
"YKL023C-A"	562.206589540673	1.11032933788215	0.264341566770338	4.20035846593438	2.66492716640765e-05	0.000136247885297833
"YKL026C"	111.671221948014	-1.56900725225894	0.190549862684227	-8.23410329536185	1.80907546806636e-16	5.0646143610404e-15
"YKL078W"	471.201505042491	1.08977121543843	0.308589917751233	3.53145437602062	0.000413281150273644	0.00158312339360398
"YKL081W"	29868.7842770271	1.04336044726798	0.170280630585813	6.1272996445839	8.93830448961248e-10	1.02163534229294e-08
"YKL091C"	1638.72149215595	-1.22401935296126	0.12840711079882	-9.53233310325759	1.5378742976591e-21	6.93134124937841e-20
"YKL096W-A"	37105.3118039197	1.27991535999691	0.191470491067492	6.68466118648929	2.31459517217987e-11	3.31289466648718e-10
"YKL099C"	275.751336138308	1.15767166702614	0.273149076417135	4.23824119126151	2.25277680149488e-05	0.000116868543457143
"YKL105C"	419.822629903765	-1.06261018383838	0.211164084581092	-5.03215395717689	4.84999519817615e-07	3.51444920004669e-06
"YKL129C"	543.912439234808	-1.10066511148654	0.190043320782985	-5.79165375005954	6.96967145866863e-09	6.96419215720741e-08
"YKL131W"	5.41498153764085	1.87851708510792	0.81143067628247	2.31506786718275	0.0206092182153011	0.0467421776439111
"YKL156W"	3273.65701387073	1.26320733060027	0.163365401072824	7.73240430534718	1.05534146206147e-14	2.42118952758146e-13
"YKL172W"	403.340619897313	1.27543084746736	0.300398278885523	4.24579945064668	2.17815391225328e-05	0.000113833619345145
"YKL180W"	15011.8463062674	1.30056413585144	0.181188891867939	7.17794629926525	7.07663434474751e-13	1.27761395627473e-11
"YKR013W"	6744.19936097086	1.61587092039282	0.116276410981578	13.8968076736461	6.62300448112486e-44	2.10445967387742e-41
"YKR031C"	345.63736224483	-1.01393189658057	0.271371363055342	-3.73632606316603	0.000186728507444346	0.000780697147900539
"YKR056W"	1049.13597789873	1.3827524633682	0.124722789556573	11.0866062913145	1.45711336907498e-28	1.12926286103311e-26
"YKR057W"	8177.6992867863	1.52455500618301	0.213748647191369	7.13246622243213	9.85862754991013e-13	1.71648159122408e-11
"YKR058W"	480.054638017366	-1.14683393140355	0.115344055308953	-9.94272247782265	2.71308976674241e-23	1.436807122304e-21
"YKR081C"	741.999410995697	2.12610707147332	0.192545946297829	11.0420765139592	2.39434905957144e-28	1.79012803218547e-26
"YKR092C"	1466.30476950582	1.442907669878	0.146450328881263	9.85253963511311	6.68334800016431e-23	3.37084734452732e-21
"YKR094C"	8840.02578964596	1.26694078256287	0.19546058198785	6.48182242003979	9.06212642649729e-11	1.18254237043923e-09
"YKR095W"	174.476277249854	-1.64525067887081	0.62774027789007	-2.62090985208205	0.00876954478365338	0.0227100477180592
"YLL008W"	889.043215392453	2.50547061509301	0.252340998905193	9.92890820739893	3.11649095029716e-23	1.61018699098687e-21
"YLL034C"	592.397916471929	1.25396369694648	0.18972653325901	6.60932171903757	3.86084861092789e-11	5.33384628748841e-10
"YLL045C"	28459.8720779058	1.32426304357639	0.188221032610079	7.03568047211676	1.98290876836476e-12	3.26460757071452e-11
"YLR009W"	900.037712598838	1.91890365986463	0.164162924309928	11.6890197219067	1.45051118416721e-31	1.55016275710545e-29
"YLR029C"	22613.3613662187	1.16864266828217	0.163987713091876	7.12640383994763	1.0302515471022e-12	1.77914363636807e-11
"YLR042C"	1308.08259738906	1.69595082630255	0.187924107350708	9.02465814637357	1.80257287753792e-19	6.81866109330565e-18
"YLR048W"	40057.2327539272	1.67628752553394	0.214627182316264	7.81022938214717	5.70839995760403e-15	1.34358821224347e-13
"YLR051C"	219.931618259107	1.01792216126759	0.205255471755567	4.95929366735617	7.07499475288372e-07	4.94626970897426e-06
"YLR056W"	11001.830954603	1.76079808463864	0.138787963052465	12.6869653960771	6.98396908439738e-37	1.19954387922555e-34
"YLR061W"	10218.9475140426	1.47497573766622	0.211554286415414	6.97209100632409	3.12264433564833e-12	5.04946685828121e-11
"YLR063W"	218.796113943524	2.05207963849092	0.205717941170256	9.97520987628678	1.95687298071348e-23	1.08138502542906e-21
"YLR073C"	390.122712904167	2.31746938334996	0.215002963766114	10.7787787793984	4.33604009465171e-27	3.02808074741886e-25
"YLR075W"	49298.7456100918	1.19125742441438	0.183863236875803	6.47904086024033	9.23075063395602e-11	1.19962004660103e-09
"YLR110C"	86674.776056971	1.32718576372926	0.250721601325871	5.29346397243319	1.20020895877207e-07	9.59412318615915e-07
"YLR120W-A"	34.0608686029601	1.4051880355796	0.398361850686943	3.52741617490849	0.000419636610696693	0.00160263861837589
"YLR124W"	11.1001484431116	-1.44566156849325	0.607799747902838	-2.37851623578552	0.0173824714230831	0.0406571976053341
"YLR129W"	905.817324536116	1.06033037326378	0.201249835528967	5.26872665747425	1.37373345393878e-07	1.08045496284417e-06
"YLR146W-A"	57.5042155467465	1.22994664298743	0.450578211704403	2.72970732058906	0.00633905763947578	0.0172451675080773
"YLR149C"	1137.58472850714	-1.10592889176419	0.122353115717764	-9.03882900959603	1.58359046349911e-19	6.02617808115979e-18
"YLR154C-G"	2855.01091642874	1.47705612395158	0.557242784045102	2.65065096622594	0.00803368151932127	0.0210967132459862
"YLR154W-A"	4963.96517115731	1.09934031716994	0.426081271369837	2.5801188436084	0.00987663189522286	0.0251063982776565
"YLR154W-B"	1873.6009388231	1.99402460752287	0.571711152454731	3.4878182784457	0.000486978935327916	0.00182796877377963
"YLR156W"	7.34401417878637	-5.89336997508371	1.32497942324352	-4.44789547044956	8.67157078746965e-06	4.92914421774326e-05
"YLR157W-D"	10.7915776436099	-7.54562691816768	1.2810170564947	-5.89034071007228	3.85400200619361e-09	4.00854054817682e-08
"YLR157W-E"	5.03327038659005	-5.63458667787752	1.48775580173032	-3.78730613674924	0.000152289421431491	0.000652595598919166
"YLR159W"	7.34401417878637	-5.89336997508371	1.32497942324352	-4.44789547044956	8.67157078746965e-06	4.92914421774326e-05
"YLR161W"	7.34401417878637	-5.89336997508371	1.32497942324352	-4.44789547044956	8.67157078746965e-06	4.92914421774326e-05
"YLR162W"	392.18348589701	1.70282049319448	0.589693006988741	2.88763894605077	0.00388145131235347	0.011217200131881
"YLR162W-A"	5.51471970157836	3.72496399467617	1.06016777978433	3.51356083980778	0.000442143146776256	0.00167958624971325
"YLR167W"	53315.2181760606	1.22396404135816	0.213781903961108	5.72529301442104	1.03255368221454e-08	9.94224037950519e-08
"YLR175W"	3326.08681445507	1.36953901947648	0.0916908303419038	14.9364883529753	1.90766668787902e-50	1.21232218014711e-47
"YLR185W"	8095.83223170349	1.32516042613941	0.191781081034433	6.90975574332844	4.85488893463854e-12	7.61798004435258e-11
"YLR186W"	1586.29898460475	1.38428460039294	0.142742155935405	9.69779804236228	3.08075379740746e-22	1.48319624110034e-20
"YLR196W"	1746.05770831538	1.81623847660461	0.115207037412804	15.7649959359406	5.41758153685802e-56	4.91839009524753e-53
"YLR197W"	3122.50070281472	2.01757796739076	0.176637874741941	11.4221141436305	3.24248842479491e-30	2.98637883182198e-28
"YLR198C"	61.6128903077789	1.17599954022361	0.399358693303823	2.94472002223058	0.00323247023718997	0.00959922820436556
"YLR222C"	773.292448700795	1.720253136561	0.154186077726221	11.1569939512667	6.61920018737094e-29	5.32468572034713e-27
"YLR249W"	71004.7176687158	2.02145339292942	0.148487222756317	13.6136521069347	3.32218523843062e-42	9.59658508646663e-40
"YLR264W"	4228.62774398037	1.35382451994943	0.200756299819188	6.74362160076052	1.54486565084978e-11	2.27259750258109e-10
"YLR271W"	79.2217710940582	-1.40662195890129	0.279144420037579	-5.03904738168124	4.67854660725065e-07	3.40965179920618e-06
"YLR276C"	702.911383045252	1.34067095778105	0.208247932655435	6.43785962571502	1.21169980106474e-10	1.5369964542448e-09
"YLR287C-A"	3762.84045033375	1.15383377448908	0.229575342242147	5.02594818424383	5.00951146736903e-07	3.6166243228784e-06
"YLR297W"	98.5019855182083	-1.07323048836234	0.19455111841621	-5.51644471180238	3.45926248049452e-08	3.01145384432091e-07
"YLR311C"	12.0277662093372	-1.46532739088159	0.530627426904944	-2.76149953165555	0.00575365991206392	0.0158398504166375
"YLR312C"	134.949264291231	-1.28759854574985	0.173436876395537	-7.42401830861722	1.13619443927181e-13	2.28497331062417e-12
"YLR325C"	6010.62401637995	1.48856567928676	0.224357809133096	6.63478434309233	3.24977315083047e-11	4.54896660209860e-10
"YLR339C"	61.1819913602062	3.47785046041535	0.737747822217999	4.71414534299726	2.42727367840855e-06	1.54872733195646e-05
"YLR340W"	67674.8389040306	1.11886984757314	0.162438066138135	6.8879781332885	5.65909069782419e-12	8.76783192854109e-11
"YLR342W-A"	63.2092697887808	1.17413377256712	0.278874706184858	4.21025552524947	2.55082018783518e-05	0.000130624192535798
"YLR344W"	7192.10941730583	1.09866721540512	0.162461631781866	6.76262575572477	1.35512963402972e-11	2.01211421127544e-10
"YLR345W"	672.816403951301	-1.13673428260953	0.17643454037017	-6.44281034895206	1.17281213182439e-10	1.49363148251382e-09
"YLR363W-A"	135.92217210811	1.44202788904551	0.257128355957527	5.60820250133637	2.0443874327182e-08	1.8507239508439e-07
"YLR367W"	3681.25461971242	1.05057796779126	0.18771203519214	5.59675338193367	2.18403035806041e-08	1.9659366749963e-07
"YLR372W"	5419.77749661444	1.35787873464945	0.0929543372826976	14.6080191021081	2.49672268334163e-48	1.44242478660328e-45
"YLR388W"	3465.70273152648	1.59795880983541	0.224136757141116	7.12939202930172	1.00813222681848e-12	1.74568945543091e-11
"YLR400W"	53.7048072576525	1.38086611965815	0.40954300582058	3.37172433671864	0.000746991746684365	0.00270183981228181
"YLR401C"	959.38787689278	1.30692025516319	0.138448935810986	9.43972770543663	3.73749386794341e-21	1.60484956289056e-19
"YLR402W"	10.624031261973	1.77165094356976	0.697956887223979	2.5383386509964	0.0111380148386619	0.0278231463442203
"YLR405W"	548.152937343798	1.25059491972325	0.123230705056699	10.1484035098869	3.36828269831977e-24	1.94594877707474e-22
"YLR406C"	3203.89406885921	1.60141351355102	0.200990953889385	7.96758999627595	1.61798625632709e-15	4.1294388188589e-14
"YLR409C"	1661.45398668729	1.54306126489322	0.103039602375409	14.9754194437913	1.06295098295981e-50	7.50561499634402e-48
"YLR413W"	10660.8078731601	1.52966061748935	0.102083722502735	14.9843734141685	9.28975342456708e-51	7.37954787664048e-48
"YLR435W"	334.925144921523	1.66331199509794	0.175053324469797	9.50174468343169	2.06402724154889e-21	9.10895355558554e-20
"YLR442C"	143.339597574156	-1.02115545998047	0.327199420898407	-3.1208962936934	0.00180301517887615	0.00582519647267815
"YLR448W"	8006.11790541258	1.13430066597177	0.140170411991876	8.09229743890251	5.85497197340404e-16	1.56337591978919e-14
"YML018C"	2530.40593314727	1.2348249527976	0.121513430467563	10.1620450352377	2.92868011745344e-24	1.70750111435015e-22
"YML022W"	5293.1389005431	1.38023808229208	0.189211607515079	7.29467975257321	2.99370296900306e-13	5.67909921433267e-12
"YML024W"	15084.8808709054	1.30146046692559	0.208160390778705	6.252200344441	4.04709755830683e-10	4.84356026045949e-09
"YML027W"	1269.1802621156	1.41069244454114	0.135331836090323	10.4239511211509	1.92774499573933e-25	1.23745650989126e-23
"YML034W"	515.767149638283	-1.01361094506926	0.149294769439915	-6.78932657099683	1.12658167515039e-11	1.69654657478216e-10
"YML043C"	146.41498096271	1.65876211538921	0.320792817127594	5.17082062572943	2.33068207480839e-07	1.77170868246499e-06
"YML054C-A"	22.9535106461061	1.02714243260219	0.409187352630229	2.51020083098801	0.0120662516120621	0.02973285342949
"YML056C"	17676.7634793278	1.68928035361005	0.140262030803505	12.0437465786916	2.09232565571905e-33	2.65934590841891e-31
"YML058W-A"	145.497449877849	1.01848255953473	0.220570353457406	4.6174952506997	3.88399567840125e-06	2.40104985761089e-05
"YML063W"	19921.2437106437	1.435574273682	0.166136655984902	8.64092433528013	5.57600384006383e-18	1.85526201065998e-16
"YML073C"	13422.967174385	1.09408576161843	0.161331158789301	6.78161472234457	1.18840052105782e-11	1.78541023908333e-10
"YML100W"	27701.1407763089	-1.10471291761519	0.122542903805716	-9.01490729619594	1.97037040254765e-19	7.36570818128841e-18
"YML108W"	76.5014284931223	1.3889279447733	0.342353074453047	4.05700444487695	4.97061363763704e-05	0.000240580728615258
"YML113W"	308.238761109928	1.18895110526456	0.156838572082342	7.58073150934032	3.43612028273002e-14	7.35237185075733e-13
"YML118W"	81.3563279851945	-1.10610270489763	0.209631496617624	-5.27641467405636	1.3173580809335e-07	1.03997647258787e-06
"YML120C"	2200.84949124334	-1.2228656494493	0.10894580886521	-11.2245313719434	3.09020342989974e-29	2.5504211424692e-27
"YML123C"	1596.94604455356	-1.43690073801816	0.134391661884314	-10.6918890493002	1.11085035161822e-26	7.59081073605783e-25
"YMR007W"	95.0012177783527	1.0351729357463	0.225459971888947	4.59138235081566	4.40319827580955e-06	2.70099662574997e-05
"YMR031C"	1589.67276378634	-1.17155492918449	0.209069014612772	-5.60367556787117	2.09853342249076e-08	1.89434373578534e-07
"YMR049C"	1515.99516248795	1.96635830549103	0.150499069525221	13.0655844696867	5.17853592082815e-39	1.06159986376977e-36
"YMR084W"	45.106244558146	-1.29049633497004	0.340120949430932	-3.79422772143033	0.000148103702808731	0.000636805839884631
"YMR093W"	1254.05129141773	1.76193915246735	0.131340321043514	13.4150665878425	4.93489661480965e-41	1.30671949946314e-38
"YMR105W-A"	12.3158763572816	-1.22936546859423	0.521058949935973	-2.35935966313465	0.0183065035255882	0.0423882217481899
"YMR107W"	107.021175585778	-1.77012402694045	0.215743535908692	-8.20476043226441	2.31051146614823e-16	6.44004402077719e-15
"YMR116C"	71679.113243974	1.4564230281143	0.205863691206641	7.07469597760384	1.49776759347899e-12	2.52475147388832e-11
"YMR131C"	2241.45962204339	1.86450093407997	0.129902880867962	14.353037604879	1.01971225473193e-46	4.32018091921426e-44
"YMR140W"	538.654631588375	-1.1387178851269	0.175092265792136	-6.50353046706673	7.84565227114185e-11	1.03442158056238e-09
"YMR141W-A"	36.8176834472441	1.71229929233721	0.40508097896067	4.22705429598426	2.36770549528057e-05	0.000121836181558769
"YMR142C"	14760.3830135762	1.22163196723415	0.202583606083533	6.03026074444753	1.63695350235154e-09	1.7813081348363e-08
"YMR175W"	362.46493251296	-1.88192323768124	0.151480260134514	-12.4235543034459	1.94714589591331e-35	3.09352804213227e-33
"YMR175W-A"	41.1205063527651	-2.61075672145363	0.354019707869839	-7.37460842833505	1.64828783678728e-13	3.23298432184666e-12
"YMR193C-A"	34.481032809513	1.11212619056246	0.343096268531655	3.24144064673746	0.00118927196395104	0.00407869580729027
"YMR194C-A"	74.9985932340378	1.18099188190915	0.413391931937359	2.85683340836971	0.00427890352071243	0.0121993862154004
"YMR195W"	581.838048229544	-1.01574634227396	0.128169729804187	-7.92500962454847	2.28128662382582e-15	5.67275448736855e-14
"YMR196W"	6231.37117211383	-1.30909735145351	0.114033975044838	-11.4798887869934	1.66494539612218e-30	1.57921313318753e-28
"YMR199W"	936.969114337862	1.08428646844844	0.0953529564032935	11.3712936582949	5.81197336396881e-30	5.12987371222525e-28
"YMR202W"	8008.12696742941	1.0266843490673	0.177215246914265	5.7934312478429	6.89627240047434e-09	6.90170253622274e-08
"YMR217W"	12461.781363837	1.5864197184182	0.149352139600265	10.6220086479122	2.35439608179886e-26	1.57496706314018e-24
"YMR219W"	181.17416272332	-1.27573984585853	0.35093768891839	-3.63523179795944	0.00027773080180722	0.00111214823281971
"YMR229C"	1260.75602963137	1.87972257431929	0.203890527776187	9.21927367014656	2.99119464414641e-20	1.19553723041198e-18
"YMR230W"	4553.1601354674	1.22286318729745	0.190955351271887	6.4039220642542	1.51435434555818e-10	1.90568749822222e-09
"YMR241W"	3433.90737841186	1.0662404896307	0.160738013791909	6.63340590366537	3.28028121451416e-11	4.58157958642582e-10
"YMR242C"	15274.1975826871	1.18675374317497	0.169927714696267	6.98387396838828	2.87149682950188e-12	4.6671003456482e-11
"YMR245W"	119.184598704363	1.18783417972931	0.260178289591331	4.56546232814071	4.98394696727583e-06	3.01360446974671e-05
"YMR291W"	529.352383070427	-1.50133627359703	0.124934463669243	-12.0169905845335	2.89317636989752e-33	3.53579535205745e-31
"YMR303C"	485.092425437623	1.14050982195085	0.172479007367588	6.61245585394742	3.77995862244149e-11	5.23347212322781e-10
"YMR304C-A"	1581.77946510718	1.78513743264309	0.137898253263476	12.9453230218392	2.49710684778765e-38	4.80882242960318e-36
"YMR304W"	944.852955196729	-1.24257842971375	0.234710405101822	-5.29409179441658	1.19609344374818e-07	9.57326679473514e-07
"YMR305C"	14656.4802286811	2.10136756007887	0.147823196153519	14.2154114831649	7.35180312781977e-46	2.92004430483091e-43
"YMR307W"	33222.747613777	1.33956953823542	0.109950627220679	12.1833733203432	3.81183153266814e-34	5.26612812828392e-32
"YMR310C"	897.992565932338	1.7558794356353	0.162149480078832	10.8287700631642	2.51510822488304e-27	1.77594586323686e-25
"YMR315W-A"	12.3094601672799	1.14327793806328	0.480033398704589	2.38166331998672	0.0172346465105923	0.0403896431945844
"YMR321C"	321.888640107341	1.33585600740248	0.460179526333181	2.90290186972658	0.00369722465836261	0.0107680397359736
"YNL002C"	641.893320660119	1.46159423932504	0.18604086774202	7.85630736442172	3.95623554048707e-15	9.58165139073301e-14
"YNL061W"	1570.68025461808	1.86282539972954	0.157193595321402	11.8505171659237	2.1386682924729e-32	2.47113399975733e-30
"YNL062C"	763.861728977771	1.97584473932446	0.150472046733821	13.1309753685988	2.18819786275961e-39	4.63533247261243e-37
"YNL067W"	6714.16721713983	1.1489937487206	0.185678209353429	6.18809149830585	6.08969801118126e-10	7.08791774012031e-09
"YNL069C"	35647.6138305323	1.21936796088367	0.170789134022195	7.1396108883906	9.35954876804778e-13	1.64309205582717e-11
"YNL075W"	600.211404531161	1.44450412282413	0.150676103267516	9.58681629999091	9.08449489591377e-22	4.24499743114206e-20
"YNL093W"	68.0048522259566	-1.00893976804382	0.248711011928212	-4.05667509541169	4.97762494255296e-05	0.000240736731430168
"YNL110C"	319.243769185034	1.15937495247323	0.218339731366459	5.30995868327485	1.09650089647468e-07	8.82058632543872e-07
"YNL111C"	461.876735104239	1.32564235409651	0.155167976394926	8.54327281244259	1.30472886298123e-17	4.2089096062161e-16
"YNL112W"	7592.1851108678	1.5909175115632	0.191419864556349	8.31114114123131	9.47861051760166e-17	2.75052830316706e-15
"YNL132W"	1311.46936493654	1.79883071601032	0.146710128214536	12.2611215592414	1.46458627906343e-34	2.16452227987166e-32
"YNL145W"	2076.62521156215	2.2641660475454	0.370307630881079	6.11428406743396	9.69914012970968e-10	1.10264822047057e-08
"YNL160W"	26305.8760637452	-1.15011814245553	0.0980103450871104	-11.7346606772308	8.46651870979365e-32	9.2766769656446e-30
"YNL162W"	9681.03827563304	1.3674662207253	0.213766274025047	6.3970157451735	1.5844299487544e-10	1.98600637560833e-09
"YNL162W-A"	20.2659254892954	1.06205643197232	0.450020923943168	2.36001566919685	0.0182741631710025	0.0423589826425424
"YNL175C"	735.172307071124	1.81853338008284	0.207664463076789	8.75707549158468	2.00381458718115e-18	7.03549265278242e-17
"YNL178W"	27619.9380693271	1.76574734972696	0.229618705678207	7.68991073489249	1.47237717364623e-14	3.30634520795823e-13
"YNL182C"	668.520837213908	2.08176749051373	0.179059538655747	11.6261189219082	3.03589281205737e-31	3.06239663819438e-29
"YNL184C"	6.50558376246153	2.90275804097748	0.862938292212148	3.36380720055457	0.000768752267250927	0.00276608026660466
"YNL194C"	2560.22532235726	-1.27449206852407	0.106427302284503	-11.975236064117	4.79072063977285e-33	5.74434521995405e-31
"YNL209W"	56037.2074781177	1.20937786234879	0.185035026499154	6.53594016889728	6.32111833822423e-11	8.42153187409119e-10
"YNL210W"	81.2085825421501	1.22827466033064	0.238011079864453	5.16057765474674	2.4618901582502e-07	1.86698233361337e-06
"YNL248C"	1856.52274587735	1.52343407613609	0.109277067676494	13.941022654873	3.56790970459819e-44	1.19337190382745e-41
"YNL279W"	793.901968736263	1.11056208098711	0.139657204165142	7.95205723633054	1.83439461497124e-15	4.64445329806464e-14
"YNL289W"	812.63879483286	1.33197765373975	0.10912088847529	12.2064406948205	2.8717981565251e-34	4.05561717438156e-32
"YNL299W"	328.78880436546	1.69807709253274	0.173273356457206	9.79998960747393	1.12597230327029e-22	5.59027655256459e-21
"YNL300W"	1081.79888246865	1.92742713814048	0.167634099262711	11.4978226185346	1.35285199315034e-30	1.30263248734401e-28
"YNL301C"	4253.17108796314	1.06351263910524	0.147069299454456	7.23137080988535	4.7814281769624e-13	8.858885150028e-12
"YNL302C"	10053.2323307191	1.22441637379851	0.203777199583438	6.00860339773762	1.87128258487084e-09	2.01559336048376e-08
"YNL313C"	1107.79272923096	1.58139969054864	0.12996603875678	12.1677917221752	4.61396630327054e-34	6.23867145899666e-32
"YNR034W-A"	511.518111923418	-1.45613210065462	0.136564543922868	-10.6625926380792	1.52291812274432e-26	1.02958985851491e-24
"YNR044W"	3002.65145318639	1.01788913778786	0.0914005749492433	11.1365725910708	8.32622934428515e-29	6.53249228184347e-27
"YNR053C"	1373.73977654018	2.77160729663099	0.155893020426865	17.778905617723	1.02970358263245e-70	2.18125542254308e-67
"YNR054C"	258.401452181089	1.13577937359305	0.226461813594627	5.01532402114439	5.29441642629274e-07	3.80180976147914e-06
"YNR060W"	584.225426655909	1.00610307777251	0.120528534068169	8.34742648743632	6.97664268168216e-17	2.05515471694065e-15
"YNR073C"	99.0831320238687	1.3666043912365	0.247602941717081	5.51933826698241	3.40278610984573e-08	2.97042661099857e-07
"YOL007C"	1372.63021755788	1.08716448828053	0.0898990286727717	12.0931727998726	1.14767338628777e-33	1.48846211629771e-31
"YOL010W"	731.008836993173	1.81907983168228	0.156453462510688	11.626970745745	3.00575734871241e-31	3.06239663819438e-29
"YOL013W-A"	31.382202424752	1.5480139739517	0.407952590331328	3.79459282926589	0.000147885945303625	0.00063638056025061
"YOL022C"	853.926976348489	1.0722400196496	0.125577301800341	8.53848589098044	1.35991994450656e-17	4.34285992328601e-16
"YOL039W"	22284.2268540907	1.33275216260865	0.219454274186235	6.07302896036391	1.25519807496722e-09	1.39698489779626e-08
"YOL040C"	27543.8872754423	1.3531215565755	0.194698823497126	6.94981886521504	3.65755523364879e-12	5.82550463905716e-11
"YOL047C"	268.793585137547	-1.50629952664986	0.127721775149754	-11.7935999940788	4.21146018984642e-32	4.77925526901321e-30
"YOL077C"	994.362296932126	2.80967752423508	0.174168082091752	16.1319886542411	1.52044725518367e-58	1.61040705111537e-55
"YOL084W"	8351.90280882621	-1.44831036562114	0.128827281446123	-11.2422644440172	2.52812961899185e-29	2.14216849715909e-27
"YOL086C"	190820.475266979	1.01865319359559	0.212513591715685	4.79335549962568	1.64014607677479e-06	1.0801169241351e-05
"YOL100W"	328.219292811838	-1.01702956876762	0.235004955081603	-4.32769414761687	1.50678508756848e-05	8.12870902504048e-05
"YOL101C"	515.166082206779	1.18433005669289	0.162333504131611	7.29566002427142	2.97198500843978e-13	5.6547798588727e-12
"YOL117W"	135.576673137865	-1.17907649908518	0.283383091226603	-4.1607157787066	3.17251709635747e-05	0.000159378230413848
"YOL118C"	38.4520253912167	1.39483847934112	0.309311710217413	4.50949134244125	6.49832463847399e-06	3.82378269236132e-05
"YOL120C"	41884.222600763	1.63494188986394	0.247078995871916	6.61708165072631	3.66359166794181e-11	5.0834334169804e-10
"YOL121C"	7825.36567012792	1.47829302698046	0.213974441573989	6.90873646453371	4.88989377112836e-12	7.65400859988195e-11
"YOL124C"	668.493058711159	1.80965831583168	0.20314107509432	8.90838209353498	5.17826659878661e-19	1.89125771467177e-17
"YOL127W"	23332.098805332	1.27378140121247	0.211691160054024	6.01716860017867	1.77494190182295e-09	1.92159383067885e-08
"YOR004W"	364.390260873752	2.41094053342461	0.359452003750356	6.70726691816979	1.98303343097279e-11	2.87065545645377e-10
"YOR010C"	242.063715531493	1.0891539388829	0.239394610546043	4.54961762254637	5.37434862933249e-06	3.23121906711523e-05
"YOR063W"	74789.0747429021	1.35649739498804	0.201823145063712	6.72121819605883	1.8021149250591e-11	2.62069573197954e-10
"YOR095C"	961.818898963703	1.65046519127077	0.162074509391289	10.1833730515026	2.35262151367792e-24	1.39728128218908e-22
"YOR096W"	16673.0684171154	1.64718656883942	0.233704429965053	7.04816151360816	1.81297134152281e-12	3.00037314462955e-11
"YOR108W"	2712.84090110489	1.44174227270593	0.122817466022452	11.7389026121282	8.05244998071362e-32	8.97777537323422e-30
"YOR113W"	247.200981955971	-1.06101720560248	0.235471658281623	-4.50592318984525	6.60849909050986e-06	3.87784041737675e-05
"YOR120W"	1311.17356172941	-1.18544714778841	0.12738304148896	-9.30616143194502	1.32535789594897e-20	5.54121672944455e-19
"YOR121C"	97.656271038194	-1.10816454434937	0.249612971060991	-4.43953108542023	9.01550927274086e-06	5.11549655609537e-05
"YOR134W"	220.624170463678	-1.00447288441148	0.171503735632243	-5.85685717403485	4.71708459991344e-09	4.85852068597243e-08
"YOR145C"	1583.69014770844	1.16936565429092	0.106024877042903	11.0291630314057	2.76425560298207e-28	2.04265632057571e-26
"YOR167C"	11454.8675694335	1.39965605269668	0.209487626906638	6.68133041251389	2.36782682127223e-11	3.37388776887556e-10
"YOR173W"	2844.22954291111	-1.39578794553302	0.146095117509941	-9.55396709570424	1.24822804981429e-21	5.70682680328764e-20
"YOR182C"	2973.50615018885	1.94772715814317	0.376055490192308	5.1793610489429	2.22647181096391e-07	1.69858683777619e-06
"YOR206W"	710.163055564007	2.11118142309091	0.20855965361478	10.1226741917704	4.38274343745053e-24	2.50921932837821e-22
"YOR224C"	2024.27733102336	1.11067907839555	0.141396604344924	7.85506189162898	3.99574790662947e-15	9.61855225251147e-14
"YOR234C"	5266.73853858107	1.15513413428868	0.123487192272666	9.35428292626567	8.41686977627915e-21	3.54233161776517e-19
"YOR246C"	2623.05282142372	1.08055287938803	0.160029905871681	6.7521934322355	1.45626541672424e-11	2.15222481936803e-10
"YOR248W"	6759.86242741949	1.29545355209713	0.153631623153844	8.43220637459445	3.39208091194486e-17	1.03141981796218e-15
"YOR272W"	1584.42366039181	2.17057222705563	0.154921490148513	14.010788464369	1.33909969880433e-44	4.72776588105638e-42
"YOR293W"	12311.5546787972	1.03299725968703	0.184147834131784	5.60960852218208	2.0278480395544e-08	1.84099632733832e-07
"YOR294W"	683.360425000181	2.60634178535881	0.213300955163089	12.219081641552	2.4584618268594e-34	3.55080111583897e-32
"YOR300W"	31.9748257607098	1.19421844481208	0.358119350872297	3.33469398373262	0.000853933166008134	0.00302831767298085
"YOR304W"	295.092603863858	-1.01513852271355	0.313939306741929	-3.23355024653868	0.00122261826970164	0.00417503444597203
"YOR309C"	389.835912772569	1.58904342853257	0.300525141601459	5.28755571019703	1.23961614193406e-07	9.85952513390611e-07
"YOR310C"	2512.15831832662	2.04030454208096	0.185356504195569	11.0074612754254	3.51776737887837e-28	2.56958755089334e-26
"YOR312C"	9948.40008606096	1.16968509396891	0.156320966094718	7.48258613793479	7.28740980019124e-14	1.50851756613079e-12
"YOR315W"	725.485980584839	1.34599812388418	0.180437321772373	7.45964366275726	8.6756788178477e-14	1.77851415765878e-12
"YOR318C"	59.9229979425257	1.01360673271363	0.287129368964452	3.53013951992882	0.000415340578598675	0.00158855458282849
"YOR340C"	580.200593031108	1.93742839212306	0.199604110670461	9.70635517282347	2.83286395191881e-22	1.37426339041557e-20
"YOR341W"	2398.17729704164	1.70257642517294	0.127194847256776	13.3855770252693	7.34249100143884e-41	1.79467424285169e-38
"YOR342C"	579.289382532302	1.11854544496767	0.128310841105464	8.71746639123259	2.84496223814381e-18	9.72028764699135e-17
"YOR343C"	33.2097063349878	-1.14338920256378	0.390064112507508	-2.93128530900614	0.00337562601393461	0.00996381946983485
"YOR345C"	17.7112109195863	2.01615457080319	0.501398867476587	4.02105928350014	5.79370205677121e-05	0.00027746026051832
"YOR348C"	3055.76472399571	1.10385739370324	0.17796313790955	6.20273055796686	5.54918012600561e-10	6.50646488944016e-09
"YOR359W"	811.985530919841	1.27980600408832	0.123310674854439	10.3787121885356	3.09927586025668e-25	1.93443800439205e-23
"YOR369C"	44090.6797772614	1.45731967697373	0.195858759884431	7.44066631399911	1.00178704618901e-13	2.02750212692076e-12
"YOR386W"	244.255368481571	-1.19414197178617	0.190155673958849	-6.2798124658883	3.3898166502595e-10	4.0877200782541e-09
"YPL012W"	1862.29257176393	1.65330924697887	0.189714418034163	8.71472639829169	2.91461699090453e-18	9.90502191294025e-17
"YPL014W"	575.457858230414	-1.12516541106675	0.133358081743148	-8.43717453310299	3.25100825007639e-17	9.93276799482475e-16
"YPL043W"	562.630810046635	1.04269157815825	0.245053425032379	4.25495615097189	2.09089986963676e-05	0.000109724761945017
"YPL044C"	2.66353819391885	-4.05237975926162	1.55572879084619	-2.60481118759618	0.00919249019434333	0.0236033435091119
"YPL079W"	14248.9445944194	1.27277207667334	0.197576440711845	6.4419222863196	1.17969686251854e-10	1.49939471226107e-09
"YPL081W"	1683.82535916856	1.16926770428085	0.128446185902905	9.10317185412355	8.77314494145972e-20	3.37899006684706e-18
"YPL090C"	20619.9316231257	1.31699612476553	0.180886328938769	7.28079414565011	3.31860749588738e-13	6.27671149891795e-12
"YPL093W"	4034.86705669111	2.77197214751936	0.152265232600842	18.2048922145345	4.71981681731135e-74	1.49972179370068e-70
"YPL096C-A"	232.349896463131	1.15278090477778	0.236280604512467	4.87886387101635	1.06698671755939e-06	7.25208619260954e-06
"YPL114W"	36.5611511961586	1.69125191487737	0.541671418464594	3.12228383707478	0.00179453834351452	0.00580075848068911
"YPL126W"	1333.21262241302	1.46774722098352	0.170614401279798	8.60271589018148	7.78515243583279e-18	2.55023936751121e-16
"YPL131W"	46470.1748710715	1.44063133157856	0.187431189441858	7.68618785309179	1.51583889481196e-14	3.39195640018663e-13
"YPL143W"	18214.5812559561	1.02531049643863	0.167505649968198	6.12105022507174	9.29605943687393e-10	1.05871788031064e-08
"YPL149W"	800.045905141836	1.18876835176322	0.165776595706157	7.17090580066161	7.45031572740665e-13	1.33747899569687e-11
"YPL163C"	1976.01404081536	1.2845711063398	0.102987881598425	12.4730316460791	1.04763085375284e-35	1.70710104502546e-33
"YPL166W"	188.150953819234	-1.0135791693797	0.223862526154194	-4.52768574889377	5.96331754582104e-06	3.54176476670025e-05
"YPL183C"	1018.7253305262	1.02741865815288	0.106821746880714	9.61806643454517	6.70802224931344e-22	3.15773936254718e-20
"YPL186C"	199.644978214482	-1.90187005326506	0.196740696019699	-9.66688688076322	4.16865963440704e-22	1.99186706591404e-20
"YPL198W"	2478.32951229189	1.23897434682641	0.116842435616294	10.6038045192344	2.86099385349843e-26	1.89391832697734e-24
"YPL205C"	18.4397582258991	1.22824138162854	0.495721469291892	2.47768446136296	0.0132238034153055	0.0321981880092975
"YPL211W"	1035.16588736831	1.93927699324849	0.166751799791869	11.6297215122655	2.91045527161873e-31	3.0321218444487e-29
"YPL220W"	31421.4553110242	1.08896682281936	0.186615087341969	5.83536325133156	5.36735023600061e-09	5.48384417199098e-08
"YPL223C"	1232.1000255811	-1.78525698738115	0.135282372323024	-13.196523366092	9.18785434627022e-40	2.07883240305783e-37
"YPL230W"	673.4050247578	-1.30229940351741	0.163158331408394	-7.98181369149751	1.44198570114182e-15	3.7100482310754e-14
"YPL249C-A"	10961.1714553173	1.08445271274468	0.199320399557393	5.4407512485064	5.30563545391964e-08	4.45407045041735e-07
"YPL250C"	206.645583528321	1.07249118462278	0.25294282270349	4.2400538317705	2.2346618934099e-05	0.000116023499449509
"YPL267W"	114.867375197591	1.0888428138272	0.21655437057288	5.02803434974198	4.95533125310868e-07	3.58260865910189e-06
"YPL271W"	702.659385479685	1.04285546782733	0.230069374149897	4.53278699818553	5.82105062140449e-06	3.47350015953291e-05
"YPR010C"	6078.29747067018	2.1872097598984	0.172395085618719	12.6871932111556	6.9636888696483e-37	1.19954387922555e-34
"YPR043W"	16984.3349732471	1.12761029755344	0.189088776485428	5.96339094531258	2.47056362784565e-09	2.61238466804644e-08
"YPR058W"	899.049380946208	1.00751718543153	0.191059388490437	5.27331942906307	1.33978071417225e-07	1.05505655992127e-06
"YPR112C"	628.170812917308	1.30393944213064	0.299591728046665	4.35238800027062	1.34662669176033e-05	7.35527629138723e-05
"YPR132W"	16768.026076395	1.25505429832888	0.222564199081619	5.63906640649165	1.70974596008603e-08	1.57242193579547e-07
"YPR144C"	997.201657269497	1.35224748985845	0.128530270747764	10.520848372849	6.92472327872823e-26	4.4904710649304e-24
"YPR160W"	4462.15660890229	-1.55433794730713	0.10689115490423	-14.5413149357376	6.63066151700082e-48	3.51148782837835e-45
"YPR182W"	527.53443256929	1.22343974739665	0.244640468482214	5.00097042401467	5.70424636648833e-07	4.06715095685521e-06
"YPR184W"	4742.04027484423	-1.34349177420042	0.123880512693827	-10.845061462741	2.10494336192025e-27	1.5030241646071e-25
"YPR185W"	441.211291138942	-1.00726657634913	0.208011646212636	-4.84235664054826	1.28308202775331e-06	8.5937354281727e-06
